theta0 = 0.9393189294497459
theta1 = -1.0035757423970153
minX = 22899.0
maxX = 240000.0
minY = 3650.0
maxY = 8290.0